100
2
0.2500 0.5000 0.5000 0.2500
3
0.0000 0.0000 0.0000 0.0009 0.0013 0.1776
1
1.0000 0.1234
2
0.3847 0.0288 0.4270 0.7662
2
0.8417 0.8160 0.0075 0.7204
4
1.0000 0.0000 1.0000 1.0000 0.0000 0.0000 1.0000 0.0000
2
0.5000 0.5000 0.4999 0.4999
3
0.9225 0.8979 0.9014 0.9993 0.3686 0.1817
4
0.1148 0.6266 0.5264 0.6837 0.6895 0.1298 0.3437 0.0583
2
0.9999 0.9997 1.0000 0.9998
4
0.1841 0.2513 0.3025 0.6629 0.2000 0.6001 0.7844 0.6755
4
0.7214 0.1246 0.7319 0.5468 0.4755 0.6399 0.0928 0.9227
4
0.6000 0.4000 0.3000 0.1000 0.2000 0.5000 1.0000 0.7000
4
0.6210 0.8698 0.8780 0.6722 0.9464 0.6918 0.1270 0.3508
3
0.9974 0.1427 0.3087 0.2446 0.0364 0.8292
3
0.5441 0.0702 0.7055 0.2255 0.4040 0.5624
4
0.2131 0.4537 0.8515 0.4466 0.6424 0.9552 0.4335 0.4789
4
0.0056 0.5285 0.8744 0.2544 0.6131 0.2977 0.6354 0.4419
4
0.0127 0.8864 0.6625 0.4413 0.9689 0.9850 0.3709 0.3146
4
0.7543 0.5977 0.1451 0.3023 0.3938 0.6176 0.1600 0.5267
2
0.2109 0.1307 0.3741 0.5781
3
0.0534 0.9092 0.9824 0.0564 0.7809 0.2641
4
0.0001 0.0001 0.0001 0.0001 0.0001 0.0001 0.0001 0.0001
4
0.6658 0.2954 0.3161 0.1545 0.0975 0.8239 0.5311 0.1207
2
0.4429 0.9976 0.6887 0.2875
4
0.6544 0.6421 0.8712 0.9011 0.7858 0.4363 0.3705 0.7800
4
0.5477 0.9134 0.6334 0.0160 0.0001 0.9532 0.0313 0.1305
4
0.4603 0.8344 0.2499 0.2486 0.2601 0.4107 0.6759 0.0518
4
0.4003 0.3998 0.4003 0.3998 0.3997 0.4001 0.4001 0.4005
3
0.4811 0.3229 0.2678 0.9989 0.2514 0.7532
4
0.3989 0.3989 0.3989 0.3989 0.3989 0.3989 0.3989 0.3989
3
0.7770 0.1364 0.1636 0.1942 0.8347 0.3785
2
0.4999 0.5000 0.5002 0.5001
4
0.3448 0.5175 0.8022 0.3229 0.5784 0.3870 0.2375 0.9335
2
0.5198 0.0519 0.6984 0.8739
3
0.7983 0.7112 0.2462 0.0201 0.9534 0.8171
2
0.8456 0.9721 0.5102 0.8879
3
0.2114 0.2695 0.5555 0.4283 0.0797 0.0069
3
0.4267 0.6101 0.3945 0.4715 0.2208 0.0272
2
0.7905 0.6974 0.6860 0.2194
4
0.6708 0.1774 0.6862 0.5046 0.0412 0.2919 0.4209 0.0793
4
0.7150 0.8319 0.7132 0.7606 0.2988 0.8343 0.7944 0.0019
4
0.1521 0.1996 0.8954 0.5030 0.2585 0.5030 0.2761 0.7403
3
0.0719 0.2249 0.3685 0.8137 0.4704 0.5632
2
0.4999 0.5000 0.5000 0.5001
4
1.0000 0.0000 0.0000 1.0000 1.0000 0.0000 1.0000 1.0000
4
0.9810 0.9810 0.9810 0.9810 0.9810 0.9810 0.9810 0.9810
4
0.5571 0.5918 0.0243 0.9771 0.6748 0.8202 0.2637 0.7287
4
0.4626 0.4834 0.1304 0.2214 0.7551 0.2853 0.9366 0.7957
3
0.7494 0.3762 0.2476 0.3086 0.6504 0.0863
4
0.4996 0.0000 0.5000 0.4997 0.5001 0.5002 0.4999 0.4998
4
0.5727 0.0309 0.1295 0.9311 0.6452 0.0584 0.0549 0.6651
4
0.3333 0.7778 0.4444 0.6667 0.2222 0.8889 0.5556 0.1111
2
0.0002 0.0003 0.0001 0.0004
2
0.0499 0.6279 0.9878 0.5080
1
0.0000 1.0000
3
0.5514 0.0218 0.4704 0.4725 0.0096 0.9039
4
0.4905 0.9832 0.7193 0.0234 0.5349 0.2671 0.0374 0.2619
2
0.4542 0.3793 0.3832 0.8848
1
0.1234 0.9876
2
0.1940 0.5130 0.8712 0.8839
4
0.7247 0.8788 0.1504 0.2348 0.2016 0.1283 0.9738 0.9678
3
0.0284 0.7661 0.0609 0.6086 0.6004 0.5660
4
0.7092 0.5114 0.4984 0.5642 0.6945 0.9746 0.9358 0.7764
2
0.2389 0.8785 0.7250 0.1705
4
0.0713 0.7342 0.4803 0.3981 0.3481 0.9857 0.4989 0.7399
2
1.0000 0.9999 1.0000 0.9999
4
0.5000 0.7000 0.6000 0.0000 0.1000 0.3000 0.4000 0.2000
3
0.2776 0.6617 0.5586 0.1393 0.4239 0.9035
4
0.5000 0.5002 0.4997 0.4998 0.5001 0.4996 0.5003 0.4999
4
0.4003 0.3997 0.3996 0.3996 0.4000 0.3996 0.3998 0.3999
4
0.7443 0.1449 0.1796 0.0451 0.2022 0.7753 0.1510 0.9370
4
0.3995 0.4000 0.3996 0.3995 0.3999 0.4004 0.4002 0.4004
4
0.2179 0.0643 0.0580 0.3306 0.6606 0.2202 0.9215 0.5959
2
0.8273 0.1425 0.6475 0.9278
3
0.6750 0.6723 0.3567 0.8298 0.2351 0.2730
4
0.4000 0.5000 0.5000 0.6000 0.4000 0.6000 0.4000 0.6000
1
1.0000 1.0000
3
0.3280 0.9720 0.3609 0.9219 0.1569 0.5784
4
0.2184 0.2241 0.7726 0.2008 0.8489 0.0611 0.0698 0.6521
3
0.7437 0.2159 0.7204 0.0487 0.4398 0.8262
4
0.3995 0.4000 0.4000 0.4005 0.4005 0.4002 0.3995 0.4003
4
0.0333 0.0003 0.3289 0.8651 0.4902 0.7049 0.1954 0.9111
1
0.0000 0.0000
2
0.9999 1.0000 1.0000 1.0000
4
0.0007 0.0007 0.0007 0.0007 0.0007 0.0007 0.0007 0.0007
2
0.0000 0.5000 1.0000 0.5000
2
0.2491 0.7780 0.7912 0.1340
4
0.9479 0.7979 0.9702 0.9479 0.9980 0.9100 0.0191 0.9408
4
0.3996 0.4000 0.4003 0.4003 0.4003 0.3995 0.3996 0.4001
4
0.5396 0.0616 0.2906 0.7772 0.6708 0.9758 0.8838 0.3500
3
0.0461 0.7717 0.9926 0.6423 0.2740 0.9000
3
0.5149 0.0407 0.3487 0.1382 0.2789 0.3987
4
0.7045 0.5860 0.9517 0.8512 0.1961 0.9616 0.0130 0.2650
4
0.4999 0.4996 0.5001 0.4998 0.4997 1.0000 0.5002 0.5000
3
0.2923 0.9101 0.6810 0.7913 0.0189 0.4943
2
0.7184 0.2069 0.7661 0.5186
4
0.5255 0.5380 0.2910 0.1973 0.9370 0.3439 0.8511 0.2814
4
0.7883 0.4485 0.7319 0.6261 0.7506 0.4663 0.5204 0.9761
4
0.4999 0.4996 0.4997 0.4998 0.4999 0.4996 0.4997 0.4998
