100
2
0.2500 0.5000 0.5000 0.2500
3
0.0000 0.0000 0.0000 0.0009 0.0013 0.1776
1
1.0000 0.1234
2
0.4580 0.0285 0.7400 0.7462
2
0.3617 0.5620 0.2469 0.6944
4
0.0000 0.4996 0.4997 0.4999 0.5000 0.5001 0.5002 0.4998
4
0.8214 0.5971 0.1343 0.9356 0.0112 0.6456 0.2265 0.1799
2
1.0000 0.0000 0.5000 0.5000
3
0.0184 0.0829 0.4561 0.9118 0.6338 0.8358
3
0.8478 0.2163 0.7477 0.4083 0.0618 0.5445
4
0.0007 0.0007 0.0007 0.0007 0.0007 0.0007 0.0007 0.0007
2
0.3514 0.6254 0.9536 0.8710
4
0.5037 0.3657 0.9492 0.4615 0.2308 0.7899 0.3594 0.3364
2
0.5002 0.5001 0.5000 0.4999
4
0.4001 0.3998 0.3998 0.4002 0.4002 0.3998 0.4005 0.4003
4
0.2538 0.9639 0.4974 0.9734 0.4116 0.5779 0.7259 0.6729
3
0.0696 0.9766 0.3108 0.6480 0.6150 0.7601
2
0.0608 0.2428 0.8415 0.4976
4
0.4230 0.2903 0.9333 0.7311 0.8216 0.2263 0.1085 0.4696
4
0.6368 0.3235 0.0634 0.8808 0.8482 0.0185 0.2204 0.9433
4
0.7543 0.1187 0.0977 0.5037 0.8008 0.1051 0.3015 0.7810
4
0.9150 0.7919 0.4633 0.3994 0.7923 0.8790 0.2649 0.9044
3
0.0361 0.5302 0.8437 0.2240 0.9851 0.8705
3
0.6609 0.5375 0.5660 0.0210 0.7201 0.7310
1
1.0000 0.0000
3
0.7293 0.7192 0.6927 0.6245 0.6376 0.9930
4
0.1096 0.5656 0.0678 0.6320 0.9635 0.6367 0.2304 0.8691
3
0.4408 0.0926 0.2020 0.0772 0.0290 0.3568
4
0.4999 0.4997 0.4999 0.4996 0.4996 0.4997 0.4998 0.4998
2
0.1342 0.5226 0.8393 0.2540
2
0.3146 0.9643 0.3730 0.2927
4
0.3390 0.1029 0.3918 0.1417 0.6510 0.9793 0.1044 0.1533
4
0.2000 0.2335 0.7225 0.2018 0.9653 0.4007 0.2893 0.9183
2
0.2887 0.2986 0.4157 0.7169
2
0.9761 0.2767 0.1868 0.4311
4
0.0295 0.6761 0.2541 0.7189 0.3393 0.8038 0.6762 0.8395
2
1.0000 0.9999 1.0000 0.9999
3
0.4388 0.7786 0.2797 0.7646 0.7673 0.8260
4
0.6892 0.3024 0.2643 0.7725 0.5507 0.8906 0.7660 0.4748
4
0.4004 0.3999 0.3998 0.3997 0.4004 0.3996 0.4001 0.4004
3
0.8774 0.6446 0.9294 0.8863 0.3892 0.4236
2
0.3773 0.3837 0.6764 0.7654
2
0.8908 0.7117 0.3226 0.2276
3
0.3250 0.4888 0.7361 0.8944 0.0029 0.6437
3
0.4061 0.3634 0.3074 0.5016 0.2950 0.5059
4
0.4000 1.0000 0.1000 0.2000 0.7000 0.3000 0.5000 0.6000
4
0.6649 0.7699 0.8388 0.2817 0.5998 0.1075 0.4099 0.0848
4
0.3989 0.3989 0.3989 0.3989 0.3989 0.3989 0.3989 0.3989
4
0.0001 0.0001 0.0001 0.0001 0.0001 0.0001 0.0001 0.0001
4
0.4985 0.1904 0.7842 0.6217 0.2560 0.1023 0.4033 0.2648
1
0.0000 0.0000
3
0.6460 0.4964 0.8152 0.5516 0.7029 0.9367
4
1.0000 0.0000 1.0000 0.0000 1.0000 0.0000 0.0000 1.0000
2
0.3910 0.7764 0.8866 0.9269
4
0.9005 0.2763 0.3315 0.0736 0.3454 0.3285 0.5837 0.9784
4
0.9040 0.7690 0.0367 0.7355 0.7496 0.3947 0.1740 0.0879
4
0.3246 0.5255 0.0864 0.1900 0.2778 0.6479 0.2680 0.0952
4
0.4003 0.4000 0.4000 0.4003 0.4005 0.4002 0.3996 0.3997
2
1.0000 0.9999 1.0000 1.0000
3
0.1178 0.0407 0.8684 0.2932 0.5293 0.5206
2
0.7952 0.1135 0.0285 0.8700
2
0.5000 0.5000 0.4999 0.5001
4
0.2615 0.2894 0.7555 0.3528 0.6181 0.5043 0.8442 0.1141
4
0.2155 0.1342 0.0747 0.4670 0.6859 0.4719 0.3981 0.3927
4
0.6000 0.6000 0.4000 0.4000 0.5000 0.5000 0.6000 0.4000
3
0.3813 0.2162 0.7178 0.4270 0.2288 0.3313
2
0.9999 0.9998 1.0000 0.9997
4
0.8604 0.4608 0.4889 0.7064 0.1702 0.7733 0.9208 0.0168
2
0.2389 0.1815 0.8779 0.1255
4
0.4001 0.4004 0.3995 0.3998 0.3999 0.3998 0.3998 0.3998
1
0.1234 0.9876
3
0.4744 0.9818 0.3951 0.2230 0.8085 0.1091
3
0.8962 0.6664 0.1111 0.8647 0.5936 0.9060
4
0.8741 0.4575 0.7305 0.6775 0.1695 0.5210 0.5443 0.8788
4
0.8889 0.2222 0.1111 0.7778 0.4444 0.5556 0.3333 0.6667
2
0.3246 0.3972 0.7081 0.5606
4
1.0000 0.0000 1.0000 1.0000 0.0000 1.0000 0.0000 1.0000
4
0.9452 0.3190 0.0904 0.0706 0.4844 0.2841 0.0656 0.7518
2
0.5000 0.4999 0.5000 0.4999
4
0.8633 0.2582 0.7512 0.1905 0.7556 0.9407 0.5072 0.1416
4
0.3997 0.4000 0.3996 0.3997 0.4000 0.4004 0.3998 0.3997
3
0.2782 0.9050 0.1792 0.7135 0.0078 0.6839
3
0.0319 0.0757 0.9235 0.9620 0.5982 0.5016
2
0.5469 0.2599 0.7225 0.3217
4
0.6423 0.1874 0.5017 0.5058 0.9225 0.8215 0.2087 0.5003
3
0.8218 0.1610 0.3484 0.5291 0.1714 0.1049
4
0.5712 0.1804 0.6667 0.6619 0.8694 0.3558 0.1248 0.6769
1
1.0000 1.0000
4
0.5000 0.5002 0.5001 0.5003 0.4996 0.4998 0.4997 0.4999
4
0.1065 0.9521 0.7331 0.9992 0.0181 0.3031 0.9607 0.8629
3
0.6069 0.1363 0.1142 0.7079 0.1650 0.5291
2
0.5640 0.4066 0.4541 0.2513
2
0.0003 0.0004 0.0001 0.0002
4
0.6000 0.3000 0.4000 0.0000 0.5000 0.7000 0.1000 0.2000
4
0.4996 0.5001 0.4998 1.0000 0.4997 0.4999 0.5000 0.5002
4
0.9810 0.9810 0.9810 0.9810 0.9810 0.9810 0.9810 0.9810
4
0.0441 0.9339 0.1343 0.4610 0.1792 0.9034 0.1423 0.8311
2
0.6900 0.2842 0.1662 0.2854
2
0.7120 0.8699 0.4400 0.5300
3
0.7283 0.0367 0.9191 0.1097 0.6801 0.5848
